unhcr_data <-
structure(list(name = c("Turkey", "Iraq", "Lebanon", "Jordan", 
"Egypt", "Entire Region"), latitude = c(39.0597, 33.056, 33.7904, 
31.2539, 30.0155, NA), longitude = c(35.1792, 43.765, 35.9768, 
36.7886, 31.1357, NA), people_of_concern = c(822128, 217886, 
1164067, 611685, 138936, 2954702), registered_syrian_refugees = c(822128, 
216303, 1132308, 611685, 138936, 2921360), persons_awaiting_registration = c(NA, 
1583, 31759, NA, NA, 33342), `04M` = c(25568, 16296, 129596, 
56444, 9314, 237218), `04F` = c(22850, 15914, 124236, 53295, 
8888, 225183), `511M` = c(28930, 17146, 143379, 65613, 13148, 
268216), `511F` = c(27441, 16094, 135472, 62542, 12331, 253880
), `1217M` = c(20371, 13622, 81529, 42776, 8704, 167002), `1217F` = c(19781, 
9472, 80415, 40101, 7812, 157581), `1859M` = c(58359, 75917, 
252882, 126073, 37037, 550268), `1859F` = c(58753, 46317, 322893, 
143994, 35764, 607721), `60M` = c(4738, 1858, 15449, 8814, 2950, 
33809), `60F` = c(5055, 2212, 20103, 12032, 2988, 42390)), .Names = c("name", 
"latitude", "longitude", "people_of_concern", "registered_syrian_refugees", 
"persons_awaiting_registration", "04M", "04F", "511M", "511F", 
"1217M", "1217F", "1859M", "1859F", "60M", "60F"), row.names = c(NA, 
6L), class = "data.frame")
demographic_data <-
structure(list(name = c("Turkey", "Iraq", "Lebanon", "Jordan", 
"Egypt", "Entire Region", "Turkey", "Iraq", "Lebanon", "Jordan", 
"Egypt", "Entire Region", "Turkey", "Iraq", "Lebanon", "Jordan", 
"Egypt", "Entire Region", "Turkey", "Iraq", "Lebanon", "Jordan", 
"Egypt", "Entire Region", "Turkey", "Iraq", "Lebanon", "Jordan", 
"Egypt", "Entire Region", "Turkey", "Iraq", "Lebanon", "Jordan", 
"Egypt", "Entire Region", "Turkey", "Iraq", "Lebanon", "Jordan", 
"Egypt", "Entire Region", "Turkey", "Iraq", "Lebanon", "Jordan", 
"Egypt", "Entire Region", "Turkey", "Iraq", "Lebanon", "Jordan", 
"Egypt", "Entire Region", "Turkey", "Iraq", "Lebanon", "Jordan", 
"Egypt", "Entire Region"), age = structure(c(1L, 1L, 1L, 1L, 
1L, 1L, 2L, 2L, 2L, 2L, 2L, 2L, 3L, 3L, 3L, 3L, 3L, 3L, 4L, 4L, 
4L, 4L, 4L, 4L, 5L, 5L, 5L, 5L, 5L, 5L, 1L, 1L, 1L, 1L, 1L, 1L, 
2L, 2L, 2L, 2L, 2L, 2L, 3L, 3L, 3L, 3L, 3L, 3L, 4L, 4L, 4L, 4L, 
4L, 4L, 5L, 5L, 5L, 5L, 5L, 5L), .Label = c("0-4", "5-11", "12-17", 
"18-59", "60+"), class = "factor"), gender = c("M", "M", "M", 
"M", "M", "M", "M", "M", "M", "M", "M", "M", "M", "M", "M", "M", 
"M", "M", "M", "M", "M", "M", "M", "M", "M", "M", "M", "M", "M", 
"M", "F", "F", "F", "F", "F", "F", "F", "F", "F", "F", "F", "F", 
"F", "F", "F", "F", "F", "F", "F", "F", "F", "F", "F", "F", "F", 
"F", "F", "F", "F", "F"), numb_of_persons = c(25568, 16296, 129596, 
56444, 9314, 237218, 28930, 17146, 143379, 65613, 13148, 268216, 
20371, 13622, 81529, 42776, 8704, 167002, 58359, 75917, 252882, 
126073, 37037, 550268, 4738, 1858, 15449, 8814, 2950, 33809, 
22850, 15914, 124236, 53295, 8888, 225183, 27441, 16094, 135472, 
62542, 12331, 253880, 19781, 9472, 80415, 40101, 7812, 157581, 
58753, 46317, 322893, 143994, 35764, 607721, 5055, 2212, 20103, 
12032, 2988, 42390), percent = c(9.4, 7.6, 9.9, 9.2, 6.7, 9.3, 
10.6, 8, 11, 10.7, 9.5, 10.5, 7.5, 6.3, 6.2, 7, 6.3, 6.6, 21.5, 
35.3, 19.4, 20.6, 26.7, 21.6, 1.7, 0.9, 1.2, 1.4, 2.1, 1.3, 8.4, 
7.4, 9.5, 8.7, 6.4, 8.9, 10.1, 7.5, 10.4, 10.2, 8.9, 10, 7.3, 
4.4, 6.2, 6.6, 5.6, 6.2, 21.6, 21.6, 24.7, 23.5, 25.7, 23.9, 
1.9, 1, 1.5, 2, 2.2, 1.7)), .Names = c("name", "age", "gender", 
"numb_of_persons", "percent"), class = c("tbl_df", "tbl", "data.frame"
), row.names = c(NA, -60L))
date_downloaded <-
"Sun Aug 24 23:30:40 2014"
